   6.9818182e-01   1.9834711e-03
   8.5289256e-01   4.9586777e-02
   1.4082645e+00   5.1570248e-02
   9.4809917e-01   4.1652892e-02
   8.7074380e-01   3.1735537e-02
   8.6082644e-01   3.7685950e-02
   8.6876033e-01   3.7685950e-02
   7.6165289e-01   3.9669421e-02
   6.8826446e-01   4.5619835e-02
   1.2416529e+00   4.5619835e-02
   8.5487603e-01   4.1652892e-02
   7.6165289e-01   4.5619835e-02
   6.8033058e-01   5.1570248e-02
   6.9818182e-01   4.3636364e-02
   7.5570248e-01   4.3636364e-02
   5.5537190e-01   3.7685950e-02
   1.0829752e+00   1.3884297e-02
   7.8148760e-01   1.7851240e-02
   5.8710744e-01   2.9752066e-02
   6.2082645e-01   4.1652892e-02
   5.0975207e-01   3.3719008e-02
   4.9586777e-01   3.9669421e-02
   5.0181818e-01   2.7768595e-02
   1.0095868e+00   2.9752066e-02
   6.2677686e-01   3.3719008e-02
   4.6809917e-01   2.9752066e-02
   5.0380165e-01   3.1735537e-02
   4.9785124e-01   1.7851240e-02
   5.0975207e-01   3.9669421e-02
   4.8000000e-01   3.1735537e-02
   9.3619835e-01   2.9752066e-02
   5.1966942e-01   0.0000000e+00
   7.0413223e-01   1.5867769e-02
   8.1520661e-01   1.3884297e-02
   7.5173554e-01   2.7768595e-02
   6.8231405e-01   1.5867769e-02
   7.6561983e-01   1.5867769e-02
   1.1504132e+00   1.7851240e-02
   7.0611570e-01   0.0000000e+00
   7.8347107e-01   0.0000000e+00
   8.0132231e-01   7.9338843e-03
   7.5768595e-01   1.3884297e-02
   6.3471074e-01   1.1900826e-02
   6.3272727e-01   1.1900826e-02
   1.1385124e+00   1.1900826e-02
   8.9256198e-01   0.0000000e+00
   7.9735537e-01   3.1735537e-02
   1.0750413e+00   7.9338843e-03
   1.0829752e+00   1.1900826e-02
   1.1404959e+00   9.9173554e-03
   1.1801653e+00   9.9173554e-03
   1.4856198e+00   1.3884297e-02
   1.1028099e+00   1.3884297e-02
   9.1041322e-01   9.9173554e-03
   9.8776859e-01   3.9669421e-03
   9.0446281e-01   7.9338843e-03
   9.7983471e-01   1.1900826e-02
   1.0690909e+00   1.7851240e-02
   1.4975207e+00   1.3884297e-02
   8.9652892e-01   1.1900826e-02
   1.2138843e+00   9.9173554e-03
   1.0294215e+00   7.9338843e-03
   9.9966942e-01   5.9504132e-03
   9.0644628e-01   0.0000000e+00
   1.2138843e+00   3.9669421e-03
   1.7593388e+00   7.9338843e-03
   1.1127273e+00   0.0000000e+00
   1.0036364e+00   3.9669421e-03
   1.1285950e+00   3.9669421e-03
   1.0750413e+00   9.9173554e-03
   1.4201653e+00   4.1652892e-02
   4.5937190e+00   3.9669421e-03
   3.0505785e+00   7.9338843e-03
   2.2016529e+00   0.0000000e+00
   3.1517355e+00   1.1900826e-02
   2.1163636e+00   1.7851240e-02
   1.6800000e+00   7.9338843e-03
   1.5094215e+00   5.9504132e-03
   1.8089256e+00   0.0000000e+00
   2.5864463e+00   6.5454545e-02
   1.7176859e+00   0.0000000e+00
   3.8340496e+00   1.1900826e-02
   3.5512066e+01   2.5785124e-02
   2.1566281e+01   1.3884297e-02
   1.0010578e+01   2.5785124e-02
   6.2300826e+00   1.1900826e-02
   4.8773554e+00   1.1900826e-02
   3.9431405e+00   9.9173554e-03
   4.3735537e+00   3.9669421e-03
   3.8935537e+00   9.9173554e-03
   4.7880992e+00   9.9173554e-03
   3.4809917e+00   1.5867769e-02
   2.9672727e+00   5.9504132e-03
   3.2449587e+00   9.9173554e-03
   1.9001653e+00   9.9173554e-03
   2.9593388e+00   3.9669421e-03
   4.6651240e+00   0.0000000e+00
   5.0717355e+00   5.9504132e-03
   4.8257851e+00   1.9834711e-02
   4.3438016e+00   1.3884297e-02
   4.1533884e+00   3.9669421e-03
   4.0204959e+00   5.9504132e-03
   4.0502479e+00   1.3884297e-02
   3.5543802e+00   1.3884297e-02
   3.0922314e+00   0.0000000e+00
   4.1811570e+00   0.0000000e+00
   6.1725620e+00   3.9669421e-03
   6.9044628e+00   9.9173554e-03
   8.2928925e+00   7.3388430e-02
   1.8712066e+01   3.1735537e-02
   1.6304132e+01   3.9669421e-03
   1.6623471e+01   7.9338843e-03
   1.1448595e+01   2.1818182e-02
   9.0743802e+00   2.1818182e-02
   1.4895868e+01   0.0000000e+00
   1.5419504e+01   1.3884297e-02
   1.1432727e+01   1.7851240e-02
   9.2112397e+00   1.3884297e-02
   8.6479339e+00   2.7768595e-02
   7.6522314e+00   9.9173554e-03
   1.1994050e+01   0.0000000e+00
   7.2045620e+01   1.5867769e-02
   2.9954380e+01   2.7768595e-02
   1.8993719e+01   7.1404959e-02
   1.4534876e+01   0.0000000e+00
   1.2265785e+01   1.7851240e-02
   1.0454876e+01   2.7768595e-02
   1.0199008e+01   0.0000000e+00
   9.3659504e+00   3.5702479e-02
   8.5447934e+00   2.9752066e-02
   8.8919008e+00   3.5702479e-02
   8.1857851e+00   5.3553719e-02
   7.3765289e+00   4.1652892e-02
   7.6780165e+00   3.5702479e-02
   7.5371901e+00   7.1404959e-02
   7.3685950e+00   5.9504132e-02
   6.8528926e+00   8.3305785e-02
   6.7398347e+00   3.5702479e-02
   7.9576859e+00   4.7603306e-02
   9.2548760e+00   5.9504132e-02
   1.2009917e+01   1.7851240e-02
   1.0349752e+01   2.3801653e-02
   8.3127273e+00   2.9752066e-02
   7.5748760e+00   4.7603306e-02
   8.0251240e+00   6.5454545e-02
   7.9021487e+00   4.1652892e-02
   8.4039669e+00   5.9504132e-02
   7.2079339e+00   5.9504132e-02
   6.1309091e+00   5.3553719e-02
   6.4105785e+00   5.3553719e-02
   5.9464463e+00   4.1652892e-02
   6.8548760e+00   6.5454545e-02
   6.3828099e+00   6.9421487e-02
   8.3305785e+00   4.1652892e-02
   9.6317355e+00   0.0000000e+00
   1.9949752e+01   0.0000000e+00
   5.1435372e+01   0.0000000e+00
   4.5629752e+01   0.0000000e+00
   2.5422149e+01   1.1900826e-02
   1.8398678e+01   2.5785124e-02
   1.8005950e+01   0.0000000e+00
   2.3317686e+01   0.0000000e+00
   2.9345454e+01   0.0000000e+00
   4.7510083e+01   1.1900826e-02
   6.3899504e+01   1.1900826e-02
   3.5936529e+01   0.0000000e+00
   2.5082975e+01   0.0000000e+00
   2.1471074e+01   7.3388430e-02
   1.7879008e+01   1.4082645e-01
   1.6952727e+01   7.3388430e-02
   1.6893223e+01   2.9752066e-02
   2.3422810e+01   1.7851240e-02
   2.4610909e+01   4.1652892e-02
   2.0096529e+01   6.7438016e-02
   1.8001983e+01   6.7438016e-02
   1.8355041e+01   8.5289256e-02
   1.7024132e+01   0.0000000e+00
   1.5564297e+01   7.3388430e-02
   1.6276364e+01   1.1107438e-01
   1.4606281e+01   8.1322314e-02
   1.2852893e+01   9.3223140e-02
   1.2382810e+01   3.7685950e-02
   1.1454545e+01   4.9586777e-02
   1.2236033e+01   3.7685950e-02
   1.3309091e+01   5.1570248e-02
   1.1956364e+01   5.1570248e-02
   1.2731901e+01   5.1570248e-02
   1.3443967e+01   5.7520661e-02
   1.2335207e+01   7.7355372e-02
   1.3961653e+01   6.5454545e-02
   1.3519339e+01   4.5619835e-02
   1.5020826e+01   1.3884297e-02
   1.4461488e+01   1.9834711e-02
   1.3797025e+01   4.5619835e-02
   1.1994050e+01   4.5619835e-02
   1.1127273e+01   4.5619835e-02
   1.1041983e+01   4.5619835e-02
   1.0020496e+01   5.9504132e-02
   9.4869421e+00   6.7438016e-02
   1.0373554e+01   6.7438016e-02
   1.0805950e+01   8.7272727e-02
   1.0708760e+01   8.7272727e-02
   1.0567934e+01   8.7272727e-02
   1.3245620e+01   6.1487603e-02
   1.1393058e+01   1.9834711e-02
   1.0369587e+01   2.7768595e-02
   1.0597686e+01   3.3719008e-02
   1.2432397e+01   6.7438016e-02
   7.0730578e+00   9.5206611e-02
   6.5811570e+00   1.9041322e-01
   7.1742149e+00   2.0429752e-01
   8.1560330e+00   2.0429752e-01
   8.2135537e+00   2.0429752e-01
   9.4849587e+00   1.4280992e-01
   9.8459504e+00   1.0909091e-01
   1.0137521e+01   1.0909091e-01
   8.0588430e+00   5.9504132e-03
   1.0643306e+01   1.3884297e-02
   1.1168926e+01   1.9834711e-02
   9.8062810e+00   3.3719008e-02
   8.8998347e+00   1.0909091e-01
   1.0155372e+01   1.5074380e-01
   1.0230744e+01   1.7851240e-01
   9.8757025e+00   1.5867769e-01
   1.0056198e+01   1.9834711e-01
   9.1596694e+00   1.7057851e-01
   9.9570248e+00   1.5074380e-01
   1.1089587e+01   2.0628099e-01
   1.0867438e+01   2.2016529e-01
   1.1287934e+01   1.9239669e-01
   1.0750413e+01   2.2016529e-01
   1.0901157e+01   2.7768595e-02
   1.0556033e+01   1.9834711e-02
   1.0383471e+01   9.5206611e-02
   8.8244628e+00   9.5206611e-02
   8.4753719e+00   1.7057851e-01
   7.6105785e+00   1.5074380e-01
   8.1917355e+00   1.5669421e-01
   7.1325620e+00   1.9041322e-01
   7.0452892e+00   1.9834711e-01
   6.8052892e+00   1.9834711e-01
   6.7219835e+00   1.9636364e-01
   8.1818182e+00   2.2413223e-01
   7.8327273e+00   2.5785124e-01
   7.4003306e+00   2.0429752e-01
   7.6085950e+00   2.4396694e-01
   7.5153719e+00   1.8247934e-01
   7.3428099e+00   2.2413223e-01
   7.7771901e+00   2.5785124e-01
   6.0218182e+00   2.1619835e-01
   5.1352066e+00   2.1619835e-01
   6.9163636e+00   2.1619835e-01
   7.9993388e+00   2.1619835e-01
   7.3804959e+00   1.9438016e-01
   5.4366942e+00   1.9438016e-01
   4.0264463e+00   1.6066116e-01
   4.3874380e+00   1.2694215e-01
   5.1669421e+00   1.6661157e-01
   4.6452892e+00   1.4677686e-01
   4.0839669e+00   1.5272727e-01
   3.7725620e+00   1.9834711e-01
   4.0264463e+00   2.0429752e-01
   3.6753719e+00   2.2413223e-01
   4.2366942e+00   2.5586777e-01
   4.2604959e+00   2.6776859e-01
   3.3679339e+00   2.5388430e-01
   2.8145454e+00   2.2809917e-01
   3.8876033e+00   2.4000000e-01
   4.6413223e+00   2.7173554e-01
   4.8119008e+00   2.6380165e-01
   4.4647934e+00   2.6380165e-01
   3.3500826e+00   2.4991735e-01
   3.2152066e+00   2.1024793e-01
   4.3636364e+00   2.2809917e-01
   4.0998347e+00   2.4000000e-01
   3.6119008e+00   2.4000000e-01
   3.8201653e+00   2.3801653e-01
   3.4036364e+00   2.0628099e-01
   2.8204959e+00   1.9834711e-01
   3.5880992e+00   1.9636364e-01
   3.2449587e+00   1.8446281e-01
   4.7424793e+00   2.0826446e-01
   3.7328926e+00   1.9438016e-01
   2.7213223e+00   1.9834711e-01
   3.1497521e+00   1.9834711e-01
   2.9910744e+00   1.9636364e-01
   3.9114050e+00   2.2413223e-01
   3.5226446e+00   2.0628099e-01
   3.4770248e+00   1.9834711e-01
   2.9395041e+00   1.9834711e-01
   1.8148760e+00   1.7851240e-01
   3.1219835e+00   1.7256198e-01
   3.0426446e+00   1.6462810e-01
   3.1438016e+00   2.0826446e-01
   2.8542149e+00   1.6859504e-01
   3.3719008e+00   2.1223140e-01
   3.1537190e+00   1.9834711e-01
   3.2052893e+00   1.9239669e-01
   2.9236364e+00   1.9041322e-01
   3.1656198e+00   1.8842975e-01
   3.3361983e+00   1.9834711e-01
   3.3500826e+00   2.3206612e-01
   3.6416529e+00   2.3603306e-01
   3.4909091e+00   1.9834711e-01
   3.0188430e+00   1.6462810e-01
   3.1080992e+00   1.4677686e-01
   3.1874380e+00   1.8247934e-01
   3.1656198e+00   1.8049587e-01
   2.8839669e+00   1.2297521e-01
   2.9434711e+00   0.0000000e+00
   3.0168595e+00   1.3090909e-01
   2.8244628e+00   1.4876033e-01
   2.9276033e+00   1.3289256e-01
   2.6836364e+00   1.2297521e-01
   2.9355372e+00   1.3487603e-01
   3.0644628e+00   1.3884297e-01
   3.3242975e+00   1.5074380e-01
   3.5662810e+00   1.5074380e-01
   3.1319008e+00   1.4876033e-01
   3.1795041e+00   1.3289256e-01
   3.1636364e+00   1.4479339e-01
   3.4452893e+00   1.4479339e-01
   3.1695868e+00   1.5272727e-01
   3.2846281e+00   1.3487603e-01
   2.8522314e+00   1.3884297e-01
   2.5090909e+00   1.1702479e-01
   2.8363636e+00   1.3289256e-01
   2.8621488e+00   1.0314050e-01
   3.0347107e+00   1.1900826e-01
   2.4277686e+00   1.0115702e-01
   2.6578512e+00   8.9256198e-02
   2.2968595e+00   9.3223140e-02
   2.8899174e+00   9.7190082e-02
   3.3262810e+00   1.1305785e-01
   3.7328926e+00   1.2495868e-01
   3.2846281e+00   9.5206611e-02
   3.0247934e+00   9.5206611e-02
   3.2568595e+00   1.2892562e-01
   3.1378512e+00   9.5206611e-02
   3.1735537e+00   1.1107438e-01
   2.4238016e+00   1.1107438e-01
   2.1857851e+00   1.2297521e-01
   2.5527273e+00   1.1504132e-01
   3.0228099e+00   9.7190082e-02
   3.1259504e+00   1.1107438e-01
   2.6697521e+00   1.0909091e-01
   1.6621488e+00   8.5289256e-02
   1.3923967e+00   7.3388430e-02
   1.8446281e+00   7.7355372e-02
   2.3702479e+00   8.5289256e-02
   2.5289256e+00   8.7272727e-02
   2.3266116e+00   9.5206611e-02
   2.2353719e+00   1.1900826e-01
   1.9814876e+00   1.2694215e-01
   2.6400000e+00   1.2694215e-01
   1.8247934e+00   1.0710744e-01
   2.4575207e+00   7.5371901e-02
   1.8644628e+00   8.1322314e-02
   2.1679339e+00   8.5289256e-02
   2.2512397e+00   7.7355372e-02
   2.0925620e+00   9.7190082e-02
   2.7371901e+00   9.3223140e-02
   2.3047934e+00   1.0314050e-01
   2.4654545e+00   9.9173554e-02
   2.1441322e+00   9.1239669e-02
