3.961348753658995747e+00
3.988561976753795868e+00
4.011292555227795376e+00
4.026406604789196209e+00
4.031682637838196470e+00
4.044694208064196772e+00
4.050287596484396069e+00
4.052628092348196986e+00
4.059094208039796925e+00
4.060720654318196843e+00
4.073018174958797033e+00
4.072185117108996444e+00
4.061672720432595973e+00
4.058380158454796494e+00
4.042353712200796423e+00
4.015894208112996466e+00
3.999867761859196236e+00
3.993242968482196176e+00
3.981143794948995840e+00
3.958968588374795594e+00
3.952383464418795178e+00
3.934532224779395015e+00
3.901646274421394889e+00
3.868046274478194935e+00
3.843887596832995079e+00
3.809970241518195078e+00
3.769626439933195350e+00
3.720476026792795654e+00
3.681957018593195574e+00
3.643636357500795953e+00
3.599880985673796108e+00
3.564654539452396520e+00
3.547557018820196362e+00
3.524112390760796742e+00
3.497137184194396564e+00
3.458975200787596904e+00
3.432555366121196716e+00
3.404429746333796469e+00
3.383087597609196528e+00
3.372297514982796507e+00
3.348614870394796217e+00
3.353176853858196971e+00
3.345838010895397119e+00
3.324971895227796903e+00
3.313150407644197326e+00
3.301884291960597739e+00
3.297520655604597728e+00
3.292998341562597631e+00
3.299861151468397757e+00
3.296370242383397819e+00
3.296330572961998051e+00
3.297679333290198134e+00
3.304462804353198280e+00
3.308350407652397962e+00
3.323028093577997666e+00
3.334571895211197567e+00
3.344727267094797174e+00
3.333064457196796671e+00
3.339411564623997020e+00
3.352661151378796944e+00
3.370274374489596880e+00
3.393838010813597261e+00
3.415735531437797512e+00
3.422598341343597639e+00
3.426842969435397901e+00
3.442433052053798015e+00
3.431365283477197714e+00
3.407682638888997584e+00
3.423272721507397698e+00
3.409666109960197478e+00
3.396257845520197716e+00
3.376066110016797683e+00
3.366704126561797850e+00
3.343021481973397435e+00
3.335563630746197550e+00
3.333223134882397076e+00
3.327193382826597379e+00
3.296925614282597561e+00
3.273044622587397701e+00
3.244998341642797879e+00
3.238532225951398225e+00
3.208938837571397862e+00
3.201838011137198237e+00
3.199457845851798155e+00
3.166809912022397810e+00
3.147609912054798009e+00
3.114366936904397587e+00
3.112105779883597378e+00
3.116112391447197094e+00
3.101950408000196724e+00
3.088343796452596823e+00
3.070294209705996202e+00
3.066763631199396656e+00
3.028958672585396084e+00
3.028680986635396089e+00
3.020191730451396772e+00
3.027292556885996522e+00
3.017930573430596564e+00
3.027927267628596653e+00
3.033996689105996847e+00
3.035424788276996910e+00
2.997897515612996777e+00
3.002419829654996430e+00
2.982783466051596388e+00
2.952039664450596845e+00
2.909514044687596890e+00
2.884760325721196672e+00
2.855603300976996550e+00
2.808555367171996497e+00
2.782571896141396550e+00
2.751788425118796066e+00
2.719497516082196142e+00
2.682366937632196358e+00
2.625282640207796447e+00
2.567801648568996509e+00
2.524006607320796292e+00
2.511550408994796424e+00
2.504568590824796548e+00
2.493381813983996498e+00
2.456251235533996269e+00
2.417137186012796590e+00
2.405752062064796526e+00
2.398294210837596641e+00
2.391272723246396836e+00
2.369375202621996745e+00
2.347239665469196712e+00
2.350294210918596693e+00
2.356839665452996613e+00
2.373897516663797003e+00
2.415391731469796799e+00
2.440304128121796534e+00
2.476244623928996802e+00
2.525831400704996454e+00
2.549553714714596353e+00
2.561771896512196278e+00
2.563676028740396351e+00
2.588350408864195984e+00
2.574228094838596270e+00
2.581011565901396132e+00
2.603702474953996759e+00
2.634406607133397138e+00
2.614889251794596525e+00
2.591484293156196550e+00
2.582757020443795959e+00
2.603980160904196151e+00
2.626393384006996179e+00
2.624132226985996130e+00
2.628495863342395822e+00
2.612985119566795689e+00
2.604416524539995947e+00
2.597791731162995887e+00
2.596958673312995902e+00
2.569864458482595815e+00
2.546816524637195656e+00
2.528806607312395816e+00
2.536026442011195758e+00
2.517143797414795880e+00
2.481758673507195923e+00
2.463986772710796469e+00
2.482710739621195817e+00
2.482552061935596299e+00
2.477791731364796135e+00
2.483107433835195721e+00
2.499927268517596168e+00
2.498935532982196506e+00
2.485606607384996281e+00
2.482909086728195991e+00
2.493778508197395993e+00
2.494809913154195868e+00
2.480013218964195687e+00
2.481084293342595615e+00
2.449110739677595738e+00
2.450142144634395613e+00
2.457560326439995446e+00
2.457163632225595862e+00
2.457044623960995544e+00
2.465375202459395787e+00
2.485646276805395516e+00
2.476561979299995109e+00
2.466803301630394962e+00
2.438717351264394928e+00
2.427292557895395220e+00
2.410631400898795018e+00
2.417692557911594875e+00
2.391986772830994923e+00
2.385004954660794763e+00
2.376793384426794553e+00
2.377547103433594433e+00
2.362710739822394324e+00
2.359656194372994342e+00
2.377626442276594698e+00
2.404958673635594124e+00
2.426142144674394263e+00
2.420469417411394097e+00
2.408251235613593888e+00
2.419358673611593957e+00
2.446333880177594011e+00
2.435385119865594028e+00
2.443080987621194300e+00
2.461408260317993868e+00
2.469104128073994264e+00
2.471960326416394516e+00
2.466803301631594447e+00
2.490763632169994413e+00
2.519325615592793888e+00
2.550664458515194077e+00
2.598664458434194025e+00
2.623021483186394054e+00
2.629130574085193572e+00
2.661976855021793487e+00
2.689586772330793352e+00
2.748416524297993657e+00
2.808674375436193582e+00
2.878770243086593794e+00
2.964813218148194096e+00
3.016264457730993609e+00
3.053910738659193935e+00
3.081163631175393824e+00
3.151497515354394263e+00
3.232185118524394163e+00
3.273282639116193771e+00
3.328383465469793911e+00
3.393282638914194127e+00
3.418353713252193948e+00
3.443980159489794524e+00
3.491662804037393819e+00
3.547914043612193868e+00
3.609084291442994363e+00
3.676919002072194242e+00
3.731186770575794398e+00
3.791880985349794120e+00
3.832899167098994475e+00
3.901527266156993967e+00
3.967378505715394077e+00
4.029580158502994003e+00
4.102730571602993592e+00
4.124231398012994099e+00
4.166836356618793147e+00
4.194327265663593707e+00
4.225547100321993099e+00
4.254862802751793183e+00
4.299609910114592815e+00
4.356218174482192396e+00
4.402710736387391854e+00
4.428495860310992072e+00
4.465904124710792011e+00
4.539094207231991973e+00
4.595266107963792201e+00
4.654968587201992136e+00
4.732442967236992537e+00
4.798730570430993048e+00
4.855894206698192050e+00
4.919841314028792212e+00
4.981170239545591905e+00
5.043689247704991274e+00
5.094347098859191014e+00
5.150955363226792372e+00
5.208793379658391842e+00
5.285276024157991692e+00
5.350968586030791840e+00
5.422889247066591700e+00
5.497983461816191131e+00
5.559748750968591224e+00
5.618340486406990131e+00
5.670743792103789538e+00
5.741712387025789788e+00
5.803914039813589554e+00
5.854809907496189680e+00
5.916654535491189471e+00
5.986552056034389224e+00
6.074657841009988957e+00
6.101950402947588614e+00
6.159114039214989234e+00
6.231193377936789624e+00
6.304661146407990024e+00
6.367259493410190707e+00
6.443742137909390877e+00
6.513599989031190418e+00
6.585599988909990543e+00
6.639233046670791616e+00
6.697467757316591275e+00
6.761692550596791307e+00
6.819808252978390328e+00
6.856938831428191605e+00
6.889745442943389975e+00
6.888634699143590723e+00
6.874869409910391305e+00
6.856105773578390128e+00
6.847656186815591184e+00
6.822505773634591542e+00
6.774188418343991103e+00
6.729044616766991282e+00
6.687352054853792360e+00
6.640978501212791762e+00
6.589963625265792047e+00
6.517844617122992901e+00
6.472780154388992457e+00
6.386023129741793092e+00
6.318981807540593465e+00
6.237461146520793420e+00
6.147689245845392669e+00
6.035781808017392613e+00
5.955768585011792737e+00
5.840687593469792382e+00
5.756905775429191685e+00
5.672132221852792533e+00
5.584700817041192700e+00
5.498419825450993059e+00
5.396152057027992832e+00
5.297454536532992364e+00
5.225375197811392702e+00
5.176026437564193117e+00
5.126122305416592972e+00
5.071775198070193724e+00
5.008938834539793383e+00
4.964271066019794176e+00
4.934399991689994103e+00
4.906314041324193020e+00
4.863590074453993495e+00
4.833758669545593634e+00
4.804363628272593445e+00
4.772271066343193091e+00
4.754697512653593527e+00
4.721057843288793521e+00
4.681983463189193451e+00
4.666472719413793158e+00
4.652390074809392928e+00
4.607642967446592408e+00
4.596257843498992912e+00
4.550915694814992918e+00
4.517514041978793138e+00
4.475504124694392516e+00
4.421474372719192303e+00
4.387160323190192557e+00
4.353917348039592738e+00
4.324442967923992853e+00
4.283742141545992865e+00
4.242168587896993692e+00
4.210234703653193300e+00
4.188257844185993228e+00
4.163662802905193416e+00
4.127563629412192903e+00
4.093566935254592920e+00
4.068575199759592920e+00
4.038069414686993319e+00
4.004509084164992849e+00
3.973011563556793302e+00
3.941157018155993175e+00
3.914578505803792741e+00
3.900614869463792989e+00
3.873044621576193336e+00
3.850433051366394022e+00
3.828654539006393964e+00
3.808581811767393965e+00
3.818221481172593634e+00
3.825996687770993443e+00
3.829090902641593797e+00
3.843927266252793462e+00
3.860747100935393306e+00
3.886928919073193267e+00
3.891728919065193359e+00
3.904423133919793898e+00
3.933897514035594067e+00
3.948694208225593805e+00
3.951550406567993612e+00
3.961348753658993527e+00
